-3.165013505006864826e-04
-4.127351257753737973e-04
-3.803733759409756547e-04
-1.569224412856293075e-04
3.154000699440101334e-04
1.041302994798299101e-03
1.987031489707598471e-03
3.074438565902319013e-03
4.113098199900398245e-03
4.813975488940934466e-03
4.782150335194811780e-03
3.605401227929444247e-03
1.071413954863693332e-03
-2.610687699750504059e-03
-6.699645082577818447e-03
-1.005874706877599167e-02
-1.157093221901329613e-02
-1.071451862534312204e-02
-8.000044139028557322e-03
-4.912840127781338377e-03
-3.360032945028013519e-03
-4.840463232761931835e-03
-9.801840795386922156e-03
-1.749148389295708192e-02
-2.635483402245067386e-02
-3.477165799182265621e-02
-4.133289517345500874e-02
-4.465600313082290079e-02
-4.285232622708139150e-02
-3.343976490304531590e-02
-1.430309103005554354e-02
1.488478916276185851e-02
5.113990737281566556e-02
8.777773917902503831e-02
1.174402567938019337e-01
1.364792034987338809e-01
1.173079373040479129e-01
8.758003623848320540e-02
5.096720580273535195e-02
1.481779167178097836e-02
-1.422264197719449834e-02
-3.321412024259830231e-02
-4.251504124263702500e-02
-4.425436698857444090e-02
-4.091471435409045621e-02
-3.438078248068721782e-02
-2.602893892428230146e-02
-1.725550720313359654e-02
-9.658564892311814407e-03
-4.764251340636425913e-03
-3.303336876319930716e-03
-4.824388473518682365e-03
-7.846951341270206118e-03
-1.049732666260771649e-02
-1.132322949584338261e-02
-9.831960042475280936e-03
-6.540945320116813531e-03
-2.545858724056301262e-03
1.043579115730205141e-03
3.507586047045609633e-03
4.646890619938492777e-03
4.672242014739864772e-03
3.987221782462214807e-03
2.976764728694606191e-03
1.921578909488084411e-03
1.005779228763025281e-03
3.042682050352570641e-04
-1.511980308782073378e-04
-3.660449402223946180e-04
-3.966941024882685842e-04
-3.038201431685460846e-04
